nohup: ignoring input
11/20 02:58:19 PM | 
11/20 02:58:19 PM | Parameters:
11/20 02:58:19 PM | ALPHA_LR=0.0003
11/20 02:58:19 PM | ALPHA_WEIGHT_DECAY=0.001
11/20 02:58:19 PM | BATCH_SIZE=64
11/20 02:58:19 PM | DATA_PATH=./data/
11/20 02:58:19 PM | DATASET=cifar10
11/20 02:58:19 PM | EPOCHS=100
11/20 02:58:19 PM | GPUS=[4, 5, 6, 7]
11/20 02:58:19 PM | INIT_CHANNELS=16
11/20 02:58:19 PM | LAYERS=8
11/20 02:58:19 PM | NAME=cifar10
11/20 02:58:19 PM | PATH=searchs/cifar10
11/20 02:58:19 PM | PLOT_PATH=searchs/cifar10/plots
11/20 02:58:19 PM | PRINT_FREQ=50
11/20 02:58:19 PM | SEED=2
11/20 02:58:19 PM | W_GRAD_CLIP=5.0
11/20 02:58:19 PM | W_LR=0.07
11/20 02:58:19 PM | W_LR_MIN=0.001
11/20 02:58:19 PM | W_MOMENTUM=0.9
11/20 02:58:19 PM | W_WEIGHT_DECAY=0.0003
11/20 02:58:19 PM | WORKERS=4
11/20 02:58:19 PM | 
11/20 02:58:27 PM | Logger is set - training start
Files already downloaded and verified
/home/huawei/anaconda3/envs/lfh_darts/lib/python3.7/site-packages/torch/optim/lr_scheduler.py:143: UserWarning: Detected call of `lr_scheduler.step()` before `optimizer.step()`. In PyTorch 1.1.0 and later, you should call them in the opposite order: `optimizer.step()` before `lr_scheduler.step()`.  Failure to do this will result in PyTorch skipping the first value of the learning rate schedule. See more details at https://pytorch.org/docs/stable/optim.html#how-to-adjust-learning-rate
  "https://pytorch.org/docs/stable/optim.html#how-to-adjust-learning-rate", UserWarning)
/home/huawei/anaconda3/envs/lfh_darts/lib/python3.7/site-packages/torch/optim/lr_scheduler.py:808: UserWarning: To get the last learning rate computed by the scheduler, please use `get_last_lr()`.
  "please use `get_last_lr()`.", UserWarning)
/home/huawei/anaconda3/envs/lfh_darts/lib/python3.7/site-packages/torch/optim/lr_scheduler.py:143: UserWarning: Detected call of `lr_scheduler.step()` before `optimizer.step()`. In PyTorch 1.1.0 and later, you should call them in the opposite order: `optimizer.step()` before `lr_scheduler.step()`.  Failure to do this will result in PyTorch skipping the first value of the learning rate schedule. See more details at https://pytorch.org/docs/stable/optim.html#how-to-adjust-learning-rate
  "https://pytorch.org/docs/stable/optim.html#how-to-adjust-learning-rate", UserWarning)
/home/huawei/anaconda3/envs/lfh_darts/lib/python3.7/site-packages/torch/optim/lr_scheduler.py:808: UserWarning: To get the last learning rate computed by the scheduler, please use `get_last_lr()`.
  "please use `get_last_lr()`.", UserWarning)
####### ALPHA #######
# Alpha - normal
tensor([[0.1249, 0.1252, 0.1249, 0.1249, 0.1249, 0.1252, 0.1249, 0.1250],
        [0.1249, 0.1251, 0.1250, 0.1250, 0.1252, 0.1249, 0.1250, 0.1250]],
       device='cuda:0', grad_fn=<SoftmaxBackward0>)
tensor([[0.1249, 0.1253, 0.1250, 0.1250, 0.1249, 0.1250, 0.1250, 0.1249],
        [0.1251, 0.1247, 0.1249, 0.1253, 0.1248, 0.1249, 0.1251, 0.1253],
        [0.1250, 0.1250, 0.1249, 0.1251, 0.1252, 0.1250, 0.1251, 0.1249]],
       device='cuda:0', grad_fn=<SoftmaxBackward0>)
tensor([[0.1250, 0.1249, 0.1250, 0.1250, 0.1250, 0.1251, 0.1249, 0.1251],
        [0.1250, 0.1249, 0.1251, 0.1249, 0.1249, 0.1253, 0.1252, 0.1248],
        [0.1250, 0.1250, 0.1251, 0.1248, 0.1251, 0.1250, 0.1251, 0.1250],
        [0.1250, 0.1251, 0.1250, 0.1251, 0.1251, 0.1251, 0.1249, 0.1248]],
       device='cuda:0', grad_fn=<SoftmaxBackward0>)
tensor([[0.1250, 0.1250, 0.1249, 0.1249, 0.1251, 0.1250, 0.1249, 0.1252],
        [0.1250, 0.1252, 0.1252, 0.1248, 0.1250, 0.1249, 0.1248, 0.1251],
        [0.1251, 0.1251, 0.1250, 0.1251, 0.1248, 0.1250, 0.1249, 0.1249],
        [0.1249, 0.1250, 0.1250, 0.1253, 0.1251, 0.1251, 0.1247, 0.1249],
        [0.1251, 0.1251, 0.1252, 0.1249, 0.1249, 0.1251, 0.1250, 0.1249]],
       device='cuda:0', grad_fn=<SoftmaxBackward0>)

# Alpha - reduce
tensor([[0.1248, 0.1249, 0.1249, 0.1251, 0.1250, 0.1250, 0.1251, 0.1251],
        [0.1250, 0.1248, 0.1249, 0.1252, 0.1249, 0.1250, 0.1249, 0.1251]],
       device='cuda:0', grad_fn=<SoftmaxBackward0>)
tensor([[0.1251, 0.1249, 0.1252, 0.1249, 0.1250, 0.1250, 0.1249, 0.1250],
        [0.1250, 0.1249, 0.1250, 0.1251, 0.1251, 0.1249, 0.1250, 0.1251],
        [0.1250, 0.1250, 0.1250, 0.1249, 0.1250, 0.1250, 0.1250, 0.1252]],
       device='cuda:0', grad_fn=<SoftmaxBackward0>)
tensor([[0.1251, 0.1247, 0.1249, 0.1252, 0.1252, 0.1249, 0.1251, 0.1249],
        [0.1250, 0.1250, 0.1250, 0.1251, 0.1253, 0.1249, 0.1249, 0.1248],
        [0.1250, 0.1252, 0.1250, 0.1250, 0.1251, 0.1248, 0.1251, 0.1249],
        [0.1250, 0.1251, 0.1251, 0.1249, 0.1248, 0.1251, 0.1250, 0.1250]],
       device='cuda:0', grad_fn=<SoftmaxBackward0>)
tensor([[0.1250, 0.1249, 0.1251, 0.1251, 0.1251, 0.1249, 0.1250, 0.1250],
        [0.1252, 0.1249, 0.1251, 0.1251, 0.1250, 0.1249, 0.1249, 0.1249],
        [0.1249, 0.1250, 0.1251, 0.1250, 0.1249, 0.1250, 0.1250, 0.1252],
        [0.1250, 0.1249, 0.1250, 0.1251, 0.1250, 0.1251, 0.1250, 0.1249],
        [0.1249, 0.1251, 0.1250, 0.1251, 0.1248, 0.1251, 0.1249, 0.1251]],
       device='cuda:0', grad_fn=<SoftmaxBackward0>)
#####################
Files already downloaded and verified
/home/huawei/anaconda3/envs/lfh_darts/lib/python3.7/site-packages/torch/optim/lr_scheduler.py:143: UserWarning: Detected call of `lr_scheduler.step()` before `optimizer.step()`. In PyTorch 1.1.0 and later, you should call them in the opposite order: `optimizer.step()` before `lr_scheduler.step()`.  Failure to do this will result in PyTorch skipping the first value of the learning rate schedule. See more details at https://pytorch.org/docs/stable/optim.html#how-to-adjust-learning-rate
  "https://pytorch.org/docs/stable/optim.html#how-to-adjust-learning-rate", UserWarning)
/home/huawei/anaconda3/envs/lfh_darts/lib/python3.7/site-packages/torch/optim/lr_scheduler.py:808: UserWarning: To get the last learning rate computed by the scheduler, please use `get_last_lr()`.
  "please use `get_last_lr()`.", UserWarning)
Files already downloaded and verified
Files already downloaded and verified
/home/huawei/anaconda3/envs/lfh_darts/lib/python3.7/site-packages/torch/optim/lr_scheduler.py:143: UserWarning: Detected call of `lr_scheduler.step()` before `optimizer.step()`. In PyTorch 1.1.0 and later, you should call them in the opposite order: `optimizer.step()` before `lr_scheduler.step()`.  Failure to do this will result in PyTorch skipping the first value of the learning rate schedule. See more details at https://pytorch.org/docs/stable/optim.html#how-to-adjust-learning-rate
  "https://pytorch.org/docs/stable/optim.html#how-to-adjust-learning-rate", UserWarning)
/home/huawei/anaconda3/envs/lfh_darts/lib/python3.7/site-packages/torch/optim/lr_scheduler.py:808: UserWarning: To get the last learning rate computed by the scheduler, please use `get_last_lr()`.
  "please use `get_last_lr()`.", UserWarning)
11/20 02:59:04 PM | Train: [ 1/100] Step 000/097 Loss 2.392 Prec@(1,5) (9.4%, 53.1%)
11/20 03:10:04 PM | Train: [ 1/100] Step 050/097 Loss 2.233 Prec@(1,5) (19.5%, 74.3%)
11/20 03:20:17 PM | Train: [ 1/100] Step 097/097 Loss 2.070 Prec@(1,5) (23.8%, 79.2%)
11/20 03:22:48 PM | Train: [ 1/100] Final Prec@1 23.7920%
11/20 03:22:50 PM | Valid: [ 1/100] Step 000/097 Loss 1.862 Prec@(1,5) (29.7%, 79.7%)
11/20 03:24:18 PM | Valid: [ 1/100] Step 050/097 Loss 1.739 Prec@(1,5) (34.3%, 87.8%)
11/20 03:25:41 PM | Valid: [ 1/100] Step 097/097 Loss 1.729 Prec@(1,5) (33.9%, 88.3%)
11/20 03:25:41 PM | Valid: [ 1/100] Final Prec@1 33.8560%
11/20 03:25:41 PM | genotype = Genotype(normal=[[('dil_conv_5x5', 0), ('dil_conv_3x3', 1)], [('dil_conv_3x3', 2), ('sep_conv_3x3', 0)], [('sep_conv_3x3', 3), ('dil_conv_5x5', 2)], [('sep_conv_5x5', 4), ('sep_conv_5x5', 3)]], normal_concat=range(2, 6), reduce=[[('max_pool_3x3', 0), ('skip_connect', 1)], [('max_pool_3x3', 0), ('dil_conv_3x3', 1)], [('max_pool_3x3', 0), ('sep_conv_5x5', 2)], [('sep_conv_3x3', 0), ('sep_conv_3x3', 3)]], reduce_concat=range(2, 6))
/home/huawei/anaconda3/envs/lfh_darts/lib/python3.7/site-packages/torch/optim/lr_scheduler.py:808: UserWarning: To get the last learning rate computed by the scheduler, please use `get_last_lr()`.
  "please use `get_last_lr()`.", UserWarning)
####### ALPHA #######
# Alpha - normal
tensor([[0.1172, 0.1056, 0.1172, 0.1176, 0.1255, 0.1272, 0.1523, 0.1372],
        [0.1097, 0.1032, 0.1131, 0.1234, 0.1284, 0.1402, 0.1283, 0.1537]],
       device='cuda:0', grad_fn=<SoftmaxBackward0>)
tensor([[0.1125, 0.1073, 0.1162, 0.1367, 0.1212, 0.1351, 0.1306, 0.1405],
        [0.1142, 0.1101, 0.1175, 0.1230, 0.1337, 0.1332, 0.1238, 0.1445],
        [0.0927, 0.0886, 0.1134, 0.1301, 0.1401, 0.1435, 0.1364, 0.1553]],
       device='cuda:0', grad_fn=<SoftmaxBackward0>)
tensor([[0.1165, 0.1123, 0.1176, 0.1252, 0.1295, 0.1317, 0.1273, 0.1399],
        [0.1097, 0.1073, 0.1134, 0.1301, 0.1299, 0.1370, 0.1286, 0.1440],
        [0.0962, 0.0918, 0.1149, 0.1305, 0.1404, 0.1311, 0.1439, 0.1514],
        [0.0902, 0.0843, 0.1001, 0.1474, 0.1406, 0.1461, 0.1319, 0.1594]],
       device='cuda:0', grad_fn=<SoftmaxBackward0>)
tensor([[0.1126, 0.1084, 0.1141, 0.1343, 0.1297, 0.1322, 0.1274, 0.1413],
        [0.1112, 0.1092, 0.1144, 0.1288, 0.1256, 0.1364, 0.1305, 0.1440],
        [0.0937, 0.0900, 0.1143, 0.1376, 0.1404, 0.1329, 0.1364, 0.1547],
        [0.0891, 0.0833, 0.1001, 0.1391, 0.1445, 0.1415, 0.1400, 0.1623],
        [0.0845, 0.0787, 0.0861, 0.1390, 0.1528, 0.1455, 0.1474, 0.1660]],
       device='cuda:0', grad_fn=<SoftmaxBackward0>)

# Alpha - reduce
tensor([[0.1373, 0.1297, 0.1192, 0.1212, 0.1215, 0.1303, 0.1212, 0.1196],
        [0.1188, 0.1181, 0.1326, 0.1283, 0.1253, 0.1300, 0.1177, 0.1293]],
       device='cuda:0', grad_fn=<SoftmaxBackward0>)
tensor([[0.1321, 0.1281, 0.1234, 0.1250, 0.1234, 0.1218, 0.1245, 0.1218],
        [0.1205, 0.1211, 0.1288, 0.1233, 0.1261, 0.1299, 0.1245, 0.1258],
        [0.1222, 0.1216, 0.1265, 0.1255, 0.1265, 0.1220, 0.1288, 0.1270]],
       device='cuda:0', grad_fn=<SoftmaxBackward0>)
tensor([[0.1298, 0.1270, 0.1244, 0.1251, 0.1241, 0.1235, 0.1241, 0.1220],
        [0.1207, 0.1214, 0.1261, 0.1254, 0.1273, 0.1255, 0.1267, 0.1269],
        [0.1194, 0.1189, 0.1249, 0.1269, 0.1293, 0.1277, 0.1261, 0.1269],
        [0.1187, 0.1196, 0.1248, 0.1278, 0.1280, 0.1270, 0.1269, 0.1272]],
       device='cuda:0', grad_fn=<SoftmaxBackward0>)
tensor([[0.1283, 0.1270, 0.1239, 0.1289, 0.1220, 0.1235, 0.1246, 0.1217],
        [0.1240, 0.1247, 0.1259, 0.1234, 0.1268, 0.1255, 0.1236, 0.1261],
        [0.1237, 0.1243, 0.1269, 0.1242, 0.1253, 0.1248, 0.1257, 0.1252],
        [0.1221, 0.1231, 0.1263, 0.1278, 0.1264, 0.1244, 0.1244, 0.1256],
        [0.1205, 0.1226, 0.1257, 0.1265, 0.1270, 0.1271, 0.1245, 0.1260]],
       device='cuda:0', grad_fn=<SoftmaxBackward0>)
#####################
11/20 03:25:59 PM | Train: [ 2/100] Step 000/097 Loss 1.700 Prec@(1,5) (26.6%, 85.9%)
11/20 03:36:53 PM | Train: [ 2/100] Step 050/097 Loss 1.751 Prec@(1,5) (33.8%, 87.7%)
11/20 03:47:02 PM | Train: [ 2/100] Step 097/097 Loss 1.713 Prec@(1,5) (35.7%, 88.1%)
11/20 03:49:41 PM | Train: [ 2/100] Final Prec@1 35.6800%
11/20 03:49:44 PM | Valid: [ 2/100] Step 000/097 Loss 1.720 Prec@(1,5) (28.1%, 92.2%)
11/20 03:51:12 PM | Valid: [ 2/100] Step 050/097 Loss 1.612 Prec@(1,5) (38.8%, 89.7%)
11/20 03:52:35 PM | Valid: [ 2/100] Step 097/097 Loss 1.600 Prec@(1,5) (38.9%, 90.3%)
11/20 03:52:35 PM | Valid: [ 2/100] Final Prec@1 38.9280%
11/20 03:52:35 PM | genotype = Genotype(normal=[[('dil_conv_5x5', 0), ('dil_conv_3x3', 1)], [('dil_conv_3x3', 2), ('sep_conv_5x5', 1)], [('sep_conv_3x3', 3), ('dil_conv_5x5', 2)], [('sep_conv_5x5', 4), ('dil_conv_5x5', 3)]], normal_concat=range(2, 6), reduce=[[('max_pool_3x3', 0), ('skip_connect', 1)], [('max_pool_3x3', 0), ('skip_connect', 1)], [('max_pool_3x3', 0), ('sep_conv_5x5', 2)], [('max_pool_3x3', 0), ('sep_conv_3x3', 3)]], reduce_concat=range(2, 6))
/home/huawei/anaconda3/envs/lfh_darts/lib/python3.7/site-packages/torch/optim/lr_scheduler.py:808: UserWarning: To get the last learning rate computed by the scheduler, please use `get_last_lr()`.
  "please use `get_last_lr()`.", UserWarning)
####### ALPHA #######
# Alpha - normal
tensor([[0.1250, 0.0981, 0.1191, 0.1114, 0.1272, 0.1255, 0.1519, 0.1419],
        [0.1091, 0.0950, 0.1110, 0.1222, 0.1248, 0.1442, 0.1313, 0.1624]],
       device='cuda:0', grad_fn=<SoftmaxBackward0>)
tensor([[0.1163, 0.1028, 0.1195, 0.1339, 0.1168, 0.1313, 0.1330, 0.1465],
        [0.1145, 0.1043, 0.1161, 0.1237, 0.1367, 0.1317, 0.1238, 0.1493],
        [0.0893, 0.0821, 0.1129, 0.1204, 0.1397, 0.1450, 0.1448, 0.1656]],
       device='cuda:0', grad_fn=<SoftmaxBackward0>)
tensor([[0.1188, 0.1054, 0.1166, 0.1289, 0.1306, 0.1310, 0.1235, 0.1452],
        [0.1098, 0.1023, 0.1116, 0.1337, 0.1293, 0.1376, 0.1283, 0.1474],
        [0.0917, 0.0836, 0.1121, 0.1321, 0.1446, 0.1278, 0.1473, 0.1607],
        [0.0826, 0.0740, 0.0934, 0.1498, 0.1434, 0.1479, 0.1360, 0.1730]],
       device='cuda:0', grad_fn=<SoftmaxBackward0>)
tensor([[0.1142, 0.1025, 0.1130, 0.1354, 0.1281, 0.1307, 0.1283, 0.1478],
        [0.1129, 0.1060, 0.1148, 0.1271, 0.1248, 0.1369, 0.1289, 0.1487],
        [0.0911, 0.0832, 0.1127, 0.1356, 0.1428, 0.1372, 0.1320, 0.1654],
        [0.0829, 0.0739, 0.0941, 0.1389, 0.1447, 0.1411, 0.1493, 0.1752],
        [0.0772, 0.0682, 0.0784, 0.1393, 0.1605, 0.1494, 0.1502, 0.1768]],
       device='cuda:0', grad_fn=<SoftmaxBackward0>)

# Alpha - reduce
tensor([[0.1464, 0.1305, 0.1180, 0.1209, 0.1254, 0.1272, 0.1169, 0.1148],
        [0.1176, 0.1144, 0.1341, 0.1267, 0.1263, 0.1267, 0.1193, 0.1349]],
       device='cuda:0', grad_fn=<SoftmaxBackward0>)
tensor([[0.1387, 0.1298, 0.1216, 0.1245, 0.1221, 0.1202, 0.1233, 0.1197],
        [0.1198, 0.1190, 0.1313, 0.1225, 0.1239, 0.1277, 0.1270, 0.1289],
        [0.1231, 0.1179, 0.1263, 0.1270, 0.1284, 0.1225, 0.1287, 0.1261]],
       device='cuda:0', grad_fn=<SoftmaxBackward0>)
tensor([[0.1362, 0.1282, 0.1242, 0.1246, 0.1231, 0.1217, 0.1214, 0.1207],
        [0.1191, 0.1181, 0.1261, 0.1253, 0.1279, 0.1283, 0.1268, 0.1284],
        [0.1192, 0.1146, 0.1231, 0.1268, 0.1311, 0.1293, 0.1298, 0.1261],
        [0.1191, 0.1165, 0.1249, 0.1285, 0.1284, 0.1278, 0.1267, 0.1282]],
       device='cuda:0', grad_fn=<SoftmaxBackward0>)
tensor([[0.1333, 0.1278, 0.1233, 0.1248, 0.1249, 0.1232, 0.1229, 0.1198],
        [0.1221, 0.1211, 0.1243, 0.1246, 0.1265, 0.1281, 0.1263, 0.1270],
        [0.1255, 0.1219, 0.1275, 0.1213, 0.1272, 0.1235, 0.1280, 0.1251],
        [0.1213, 0.1195, 0.1251, 0.1301, 0.1271, 0.1238, 0.1281, 0.1251],
        [0.1207, 0.1201, 0.1260, 0.1263, 0.1266, 0.1266, 0.1272, 0.1266]],
       device='cuda:0', grad_fn=<SoftmaxBackward0>)
#####################
11/20 03:52:53 PM | Train: [ 3/100] Step 000/097 Loss 1.555 Prec@(1,5) (46.9%, 92.2%)
11/20 04:04:04 PM | Train: [ 3/100] Step 050/097 Loss 1.575 Prec@(1,5) (41.4%, 90.1%)
11/20 04:14:44 PM | Train: [ 3/100] Step 097/097 Loss 1.539 Prec@(1,5) (42.2%, 90.9%)
11/20 04:16:49 PM | Train: [ 3/100] Final Prec@1 42.2080%
11/20 04:16:51 PM | Valid: [ 3/100] Step 000/097 Loss 1.639 Prec@(1,5) (37.5%, 90.6%)
11/20 04:18:18 PM | Valid: [ 3/100] Step 050/097 Loss 1.493 Prec@(1,5) (45.9%, 91.1%)
11/20 04:19:40 PM | Valid: [ 3/100] Step 097/097 Loss 1.472 Prec@(1,5) (46.4%, 91.6%)
11/20 04:19:40 PM | Valid: [ 3/100] Final Prec@1 46.3520%
11/20 04:19:40 PM | genotype = Genotype(normal=[[('dil_conv_3x3', 1), ('dil_conv_5x5', 0)], [('dil_conv_5x5', 2), ('dil_conv_3x3', 1)], [('sep_conv_5x5', 3), ('sep_conv_5x5', 2)], [('sep_conv_5x5', 4), ('dil_conv_5x5', 3)]], normal_concat=range(2, 6), reduce=[[('max_pool_3x3', 0), ('skip_connect', 1)], [('max_pool_3x3', 0), ('skip_connect', 1)], [('max_pool_3x3', 0), ('sep_conv_5x5', 2)], [('max_pool_3x3', 0), ('dil_conv_5x5', 3)]], reduce_concat=range(2, 6))
/home/huawei/anaconda3/envs/lfh_darts/lib/python3.7/site-packages/torch/optim/lr_scheduler.py:808: UserWarning: To get the last learning rate computed by the scheduler, please use `get_last_lr()`.
  "please use `get_last_lr()`.", UserWarning)
####### ALPHA #######
# Alpha - normal
tensor([[0.1465, 0.0886, 0.1177, 0.1109, 0.1252, 0.1213, 0.1476, 0.1422],
        [0.1139, 0.0855, 0.1074, 0.1219, 0.1287, 0.1492, 0.1245, 0.1688]],
       device='cuda:0', grad_fn=<SoftmaxBackward0>)
tensor([[0.1293, 0.0962, 0.1194, 0.1364, 0.1104, 0.1272, 0.1319, 0.1493],
        [0.1191, 0.0966, 0.1117, 0.1212, 0.1340, 0.1367, 0.1263, 0.1543],
        [0.0905, 0.0762, 0.1105, 0.1178, 0.1379, 0.1468, 0.1499, 0.1705]],
       device='cuda:0', grad_fn=<SoftmaxBackward0>)
tensor([[0.1258, 0.0975, 0.1127, 0.1313, 0.1325, 0.1293, 0.1258, 0.1451],
        [0.1136, 0.0965, 0.1089, 0.1387, 0.1287, 0.1370, 0.1259, 0.1507],
        [0.0924, 0.0781, 0.1100, 0.1296, 0.1526, 0.1295, 0.1414, 0.1664],
        [0.0820, 0.0684, 0.0896, 0.1455, 0.1504, 0.1476, 0.1362, 0.1803]],
       device='cuda:0', grad_fn=<SoftmaxBackward0>)
tensor([[0.1213, 0.0978, 0.1114, 0.1310, 0.1274, 0.1308, 0.1297, 0.1507],
        [0.1171, 0.1009, 0.1127, 0.1272, 0.1220, 0.1360, 0.1310, 0.1530],
        [0.0934, 0.0794, 0.1122, 0.1346, 0.1441, 0.1352, 0.1290, 0.1723],
        [0.0822, 0.0686, 0.0900, 0.1380, 0.1438, 0.1390, 0.1563, 0.1820],
        [0.0754, 0.0634, 0.0750, 0.1348, 0.1588, 0.1527, 0.1547, 0.1852]],
       device='cuda:0', grad_fn=<SoftmaxBackward0>)

# Alpha - reduce
tensor([[0.1619, 0.1284, 0.1157, 0.1188, 0.1210, 0.1256, 0.1180, 0.1106],
        [0.1175, 0.1094, 0.1324, 0.1242, 0.1261, 0.1274, 0.1225, 0.1404]],
       device='cuda:0', grad_fn=<SoftmaxBackward0>)
tensor([[0.1495, 0.1298, 0.1184, 0.1224, 0.1225, 0.1196, 0.1191, 0.1186],
        [0.1189, 0.1148, 0.1326, 0.1192, 0.1259, 0.1293, 0.1284, 0.1309],
        [0.1269, 0.1114, 0.1249, 0.1272, 0.1286, 0.1243, 0.1318, 0.1248]],
       device='cuda:0', grad_fn=<SoftmaxBackward0>)
tensor([[0.1440, 0.1276, 0.1228, 0.1228, 0.1220, 0.1228, 0.1190, 0.1189],
        [0.1179, 0.1141, 0.1263, 0.1245, 0.1306, 0.1277, 0.1283, 0.1307],
        [0.1209, 0.1092, 0.1217, 0.1231, 0.1367, 0.1300, 0.1330, 0.1255],
        [0.1199, 0.1122, 0.1248, 0.1306, 0.1272, 0.1288, 0.1271, 0.1294]],
       device='cuda:0', grad_fn=<SoftmaxBackward0>)
tensor([[0.1395, 0.1266, 0.1242, 0.1201, 0.1277, 0.1223, 0.1215, 0.1182],
        [0.1212, 0.1176, 0.1237, 0.1264, 0.1283, 0.1289, 0.1261, 0.1277],
        [0.1308, 0.1181, 0.1277, 0.1194, 0.1268, 0.1231, 0.1292, 0.1249],
        [0.1229, 0.1153, 0.1247, 0.1314, 0.1247, 0.1232, 0.1338, 0.1241],
        [0.1226, 0.1167, 0.1262, 0.1259, 0.1253, 0.1276, 0.1289, 0.1269]],
       device='cuda:0', grad_fn=<SoftmaxBackward0>)
#####################
11/20 04:19:58 PM | Train: [ 4/100] Step 000/097 Loss 1.433 Prec@(1,5) (45.3%, 95.3%)
11/20 04:31:06 PM | Train: [ 4/100] Step 050/097 Loss 1.443 Prec@(1,5) (47.2%, 92.3%)
11/20 04:41:17 PM | Train: [ 4/100] Step 097/097 Loss 1.432 Prec@(1,5) (48.3%, 92.4%)
11/20 04:43:56 PM | Train: [ 4/100] Final Prec@1 48.2560%
11/20 04:43:58 PM | Valid: [ 4/100] Step 000/097 Loss 1.310 Prec@(1,5) (43.8%, 95.3%)
11/20 04:45:25 PM | Valid: [ 4/100] Step 050/097 Loss 1.343 Prec@(1,5) (50.9%, 92.7%)
11/20 04:46:47 PM | Valid: [ 4/100] Step 097/097 Loss 1.323 Prec@(1,5) (51.9%, 93.3%)
11/20 04:46:47 PM | Valid: [ 4/100] Final Prec@1 51.8880%
11/20 04:46:47 PM | genotype = Genotype(normal=[[('max_pool_3x3', 0), ('dil_conv_3x3', 1)], [('dil_conv_3x3', 2), ('dil_conv_3x3', 1)], [('sep_conv_5x5', 3), ('sep_conv_5x5', 2)], [('dil_conv_5x5', 4), ('dil_conv_5x5', 3)]], normal_concat=range(2, 6), reduce=[[('max_pool_3x3', 0), ('skip_connect', 1)], [('max_pool_3x3', 0), ('sep_conv_5x5', 2)], [('max_pool_3x3', 0), ('sep_conv_5x5', 2)], [('max_pool_3x3', 0), ('dil_conv_5x5', 3)]], reduce_concat=range(2, 6))
/home/huawei/anaconda3/envs/lfh_darts/lib/python3.7/site-packages/torch/optim/lr_scheduler.py:808: UserWarning: To get the last learning rate computed by the scheduler, please use `get_last_lr()`.
  "please use `get_last_lr()`.", UserWarning)
####### ALPHA #######
# Alpha - normal
tensor([[0.1595, 0.0774, 0.1112, 0.1083, 0.1284, 0.1222, 0.1521, 0.1407],
        [0.1186, 0.0756, 0.1020, 0.1272, 0.1239, 0.1511, 0.1233, 0.1784]],
       device='cuda:0', grad_fn=<SoftmaxBackward0>)
tensor([[0.1372, 0.0882, 0.1187, 0.1386, 0.1084, 0.1214, 0.1330, 0.1545],
        [0.1244, 0.0885, 0.1089, 0.1162, 0.1342, 0.1397, 0.1285, 0.1596],
        [0.0891, 0.0700, 0.1081, 0.1158, 0.1439, 0.1500, 0.1485, 0.1747]],
       device='cuda:0', grad_fn=<SoftmaxBackward0>)
tensor([[0.1346, 0.0912, 0.1112, 0.1350, 0.1309, 0.1228, 0.1264, 0.1478],
        [0.1174, 0.0879, 0.1032, 0.1457, 0.1279, 0.1376, 0.1244, 0.1558],
        [0.0929, 0.0730, 0.1082, 0.1304, 0.1526, 0.1278, 0.1424, 0.1728],
        [0.0790, 0.0617, 0.0840, 0.1448, 0.1541, 0.1463, 0.1394, 0.1905]],
       device='cuda:0', grad_fn=<SoftmaxBackward0>)
tensor([[0.1260, 0.0926, 0.1105, 0.1332, 0.1235, 0.1283, 0.1301, 0.1558],
        [0.1209, 0.0947, 0.1097, 0.1300, 0.1241, 0.1303, 0.1305, 0.1599],
        [0.0909, 0.0738, 0.1091, 0.1310, 0.1457, 0.1365, 0.1327, 0.1803],
        [0.0779, 0.0620, 0.0840, 0.1442, 0.1437, 0.1417, 0.1570, 0.1895],
        [0.0706, 0.0576, 0.0696, 0.1318, 0.1603, 0.1576, 0.1612, 0.1913]],
       device='cuda:0', grad_fn=<SoftmaxBackward0>)

# Alpha - reduce
tensor([[0.1821, 0.1259, 0.1123, 0.1190, 0.1173, 0.1221, 0.1133, 0.1080],
        [0.1200, 0.1078, 0.1287, 0.1248, 0.1280, 0.1240, 0.1225, 0.1442]],
       device='cuda:0', grad_fn=<SoftmaxBackward0>)
tensor([[0.1601, 0.1274, 0.1176, 0.1210, 0.1209, 0.1184, 0.1179, 0.1165],
        [0.1181, 0.1109, 0.1361, 0.1196, 0.1268, 0.1298, 0.1266, 0.1320],
        [0.1273, 0.1037, 0.1228, 0.1263, 0.1362, 0.1227, 0.1359, 0.1251]],
       device='cuda:0', grad_fn=<SoftmaxBackward0>)
tensor([[0.1525, 0.1257, 0.1194, 0.1206, 0.1224, 0.1219, 0.1195, 0.1180],
        [0.1195, 0.1131, 0.1269, 0.1241, 0.1308, 0.1258, 0.1275, 0.1322],
        [0.1198, 0.1027, 0.1193, 0.1217, 0.1422, 0.1325, 0.1369, 0.1250],
        [0.1212, 0.1082, 0.1251, 0.1319, 0.1274, 0.1290, 0.1270, 0.1301]],
       device='cuda:0', grad_fn=<SoftmaxBackward0>)
tensor([[0.1476, 0.1254, 0.1239, 0.1179, 0.1314, 0.1181, 0.1197, 0.1160],
        [0.1210, 0.1151, 0.1228, 0.1244, 0.1301, 0.1297, 0.1284, 0.1285],
        [0.1325, 0.1126, 0.1270, 0.1185, 0.1295, 0.1221, 0.1334, 0.1243],
        [0.1236, 0.1112, 0.1253, 0.1311, 0.1251, 0.1203, 0.1397, 0.1236],
        [0.1236, 0.1130, 0.1271, 0.1230, 0.1254, 0.1296, 0.1311, 0.1273]],
       device='cuda:0', grad_fn=<SoftmaxBackward0>)
#####################
11/20 04:47:05 PM | Train: [ 5/100] Step 000/097 Loss 1.569 Prec@(1,5) (40.6%, 89.1%)
11/20 04:57:52 PM | Train: [ 5/100] Step 050/097 Loss 1.301 Prec@(1,5) (52.6%, 93.5%)
11/20 05:08:06 PM | Train: [ 5/100] Step 097/097 Loss 1.295 Prec@(1,5) (53.2%, 93.6%)
11/20 05:11:05 PM | Train: [ 5/100] Final Prec@1 53.2320%
11/20 05:11:07 PM | Valid: [ 5/100] Step 000/097 Loss 1.452 Prec@(1,5) (45.3%, 89.1%)
11/20 05:12:36 PM | Valid: [ 5/100] Step 050/097 Loss 1.255 Prec@(1,5) (54.8%, 94.6%)
11/20 05:13:57 PM | Valid: [ 5/100] Step 097/097 Loss 1.239 Prec@(1,5) (55.0%, 94.8%)
11/20 05:13:57 PM | Valid: [ 5/100] Final Prec@1 55.0400%
11/20 05:13:57 PM | genotype = Genotype(normal=[[('max_pool_3x3', 0), ('dil_conv_3x3', 1)], [('dil_conv_5x5', 2), ('max_pool_3x3', 0)], [('sep_conv_5x5', 3), ('sep_conv_5x5', 2)], [('dil_conv_5x5', 4), ('dil_conv_5x5', 3)]], normal_concat=range(2, 6), reduce=[[('max_pool_3x3', 0), ('sep_conv_5x5', 1)], [('max_pool_3x3', 0), ('dil_conv_5x5', 2)], [('max_pool_3x3', 0), ('sep_conv_5x5', 2)], [('max_pool_3x3', 0), ('dil_conv_5x5', 3)]], reduce_concat=range(2, 6))
/home/huawei/anaconda3/envs/lfh_darts/lib/python3.7/site-packages/torch/optim/lr_scheduler.py:808: UserWarning: To get the last learning rate computed by the scheduler, please use `get_last_lr()`.
  "please use `get_last_lr()`.", UserWarning)
####### ALPHA #######
# Alpha - normal
tensor([[0.1802, 0.0699, 0.1049, 0.1095, 0.1309, 0.1211, 0.1475, 0.1359],
        [0.1271, 0.0703, 0.0977, 0.1343, 0.1286, 0.1461, 0.1150, 0.1810]],
       device='cuda:0', grad_fn=<SoftmaxBackward0>)
tensor([[0.1428, 0.0823, 0.1154, 0.1376, 0.1124, 0.1159, 0.1382, 0.1553],
        [0.1270, 0.0838, 0.1070, 0.1148, 0.1348, 0.1397, 0.1314, 0.1614],
        [0.0907, 0.0679, 0.1082, 0.1170, 0.1437, 0.1418, 0.1516, 0.1792]],
       device='cuda:0', grad_fn=<SoftmaxBackward0>)
tensor([[0.1424, 0.0861, 0.1076, 0.1385, 0.1271, 0.1254, 0.1223, 0.1506],
        [0.1208, 0.0835, 0.1008, 0.1520, 0.1291, 0.1353, 0.1224, 0.1562],
        [0.0930, 0.0695, 0.1059, 0.1290, 0.1557, 0.1272, 0.1418, 0.1779],
        [0.0777, 0.0581, 0.0799, 0.1468, 0.1587, 0.1437, 0.1418, 0.1933]],
       device='cuda:0', grad_fn=<SoftmaxBackward0>)
tensor([[0.1324, 0.0891, 0.1085, 0.1322, 0.1267, 0.1255, 0.1284, 0.1571],
        [0.1251, 0.0913, 0.1086, 0.1312, 0.1239, 0.1251, 0.1301, 0.1646],
        [0.0931, 0.0725, 0.1096, 0.1294, 0.1434, 0.1349, 0.1321, 0.1852],
        [0.0791, 0.0604, 0.0829, 0.1483, 0.1402, 0.1390, 0.1529, 0.1972],
        [0.0698, 0.0553, 0.0678, 0.1316, 0.1569, 0.1587, 0.1659, 0.1939]],
       device='cuda:0', grad_fn=<SoftmaxBackward0>)

# Alpha - reduce
tensor([[0.1932, 0.1205, 0.1125, 0.1208, 0.1187, 0.1171, 0.1130, 0.1042],
        [0.1179, 0.1050, 0.1230, 0.1230, 0.1297, 0.1281, 0.1247, 0.1486]],
       device='cuda:0', grad_fn=<SoftmaxBackward0>)
tensor([[0.1676, 0.1248, 0.1161, 0.1201, 0.1226, 0.1182, 0.1149, 0.1157],
        [0.1173, 0.1091, 0.1365, 0.1185, 0.1296, 0.1296, 0.1253, 0.1341],
        [0.1297, 0.0994, 0.1218, 0.1280, 0.1374, 0.1215, 0.1385, 0.1238]],
       device='cuda:0', grad_fn=<SoftmaxBackward0>)
tensor([[0.1567, 0.1224, 0.1203, 0.1192, 0.1243, 0.1210, 0.1190, 0.1171],
        [0.1190, 0.1115, 0.1265, 0.1232, 0.1336, 0.1254, 0.1271, 0.1338],
        [0.1222, 0.0997, 0.1192, 0.1198, 0.1443, 0.1328, 0.1384, 0.1236],
        [0.1213, 0.1049, 0.1239, 0.1316, 0.1278, 0.1309, 0.1289, 0.1307]],
       device='cuda:0', grad_fn=<SoftmaxBackward0>)
tensor([[0.1539, 0.1229, 0.1229, 0.1176, 0.1322, 0.1168, 0.1184, 0.1155],
        [0.1195, 0.1123, 0.1215, 0.1223, 0.1307, 0.1302, 0.1335, 0.1299],
        [0.1366, 0.1098, 0.1274, 0.1192, 0.1286, 0.1217, 0.1332, 0.1235],
        [0.1267, 0.1088, 0.1255, 0.1316, 0.1259, 0.1188, 0.1390, 0.1237],
        [0.1259, 0.1102, 0.1266, 0.1212, 0.1274, 0.1303, 0.1315, 0.1270]],
       device='cuda:0', grad_fn=<SoftmaxBackward0>)
#####################
11/20 05:14:15 PM | Train: [ 6/100] Step 000/097 Loss 1.333 Prec@(1,5) (45.3%, 96.9%)
11/20 05:25:03 PM | Train: [ 6/100] Step 050/097 Loss 1.180 Prec@(1,5) (57.0%, 95.1%)
11/20 05:35:13 PM | Train: [ 6/100] Step 097/097 Loss 1.194 Prec@(1,5) (56.7%, 95.1%)
11/20 05:38:20 PM | Train: [ 6/100] Final Prec@1 56.7040%
11/20 05:38:23 PM | Valid: [ 6/100] Step 000/097 Loss 1.261 Prec@(1,5) (50.0%, 92.2%)
11/20 05:39:51 PM | Valid: [ 6/100] Step 050/097 Loss 1.142 Prec@(1,5) (58.9%, 95.3%)
11/20 05:41:13 PM | Valid: [ 6/100] Step 097/097 Loss 1.133 Prec@(1,5) (59.2%, 95.3%)
11/20 05:41:14 PM | Valid: [ 6/100] Final Prec@1 59.2160%
11/20 05:41:14 PM | genotype = Genotype(normal=[[('max_pool_3x3', 0), ('dil_conv_3x3', 1)], [('dil_conv_5x5', 2), ('max_pool_3x3', 0)], [('sep_conv_5x5', 3), ('sep_conv_3x3', 1)], [('dil_conv_5x5', 4), ('sep_conv_3x3', 3)]], normal_concat=range(2, 6), reduce=[[('max_pool_3x3', 0), ('sep_conv_5x5', 1)], [('max_pool_3x3', 0), ('sep_conv_5x5', 2)], [('max_pool_3x3', 0), ('sep_conv_5x5', 2)], [('max_pool_3x3', 0), ('max_pool_3x3', 2)]], reduce_concat=range(2, 6))
/home/huawei/anaconda3/envs/lfh_darts/lib/python3.7/site-packages/torch/optim/lr_scheduler.py:808: UserWarning: To get the last learning rate computed by the scheduler, please use `get_last_lr()`.
  "please use `get_last_lr()`.", UserWarning)
####### ALPHA #######
# Alpha - normal
tensor([[0.1972, 0.0657, 0.1049, 0.1084, 0.1309, 0.1168, 0.1416, 0.1345],
        [0.1275, 0.0653, 0.0951, 0.1377, 0.1313, 0.1505, 0.1112, 0.1815]],
       device='cuda:0', grad_fn=<SoftmaxBackward0>)
tensor([[0.1493, 0.0784, 0.1145, 0.1352, 0.1157, 0.1180, 0.1324, 0.1564],
        [0.1276, 0.0797, 0.1060, 0.1119, 0.1389, 0.1379, 0.1337, 0.1642],
        [0.0896, 0.0652, 0.1072, 0.1188, 0.1418, 0.1447, 0.1532, 0.1796]],
       device='cuda:0', grad_fn=<SoftmaxBackward0>)
tensor([[0.1513, 0.0832, 0.1075, 0.1379, 0.1286, 0.1297, 0.1121, 0.1498],
        [0.1207, 0.0792, 0.0978, 0.1591, 0.1289, 0.1333, 0.1236, 0.1575],
        [0.0948, 0.0691, 0.1071, 0.1323, 0.1503, 0.1231, 0.1385, 0.1848],
        [0.0778, 0.0567, 0.0789, 0.1451, 0.1652, 0.1431, 0.1362, 0.1971]],
       device='cuda:0', grad_fn=<SoftmaxBackward0>)
tensor([[0.1386, 0.0873, 0.1090, 0.1331, 0.1215, 0.1239, 0.1298, 0.1568],
        [0.1249, 0.0882, 0.1071, 0.1348, 0.1242, 0.1215, 0.1314, 0.1679],
        [0.0952, 0.0724, 0.1113, 0.1284, 0.1393, 0.1318, 0.1298, 0.1917],
        [0.0797, 0.0593, 0.0828, 0.1501, 0.1411, 0.1347, 0.1486, 0.2036],
        [0.0691, 0.0542, 0.0673, 0.1280, 0.1567, 0.1606, 0.1619, 0.2022]],
       device='cuda:0', grad_fn=<SoftmaxBackward0>)

# Alpha - reduce
tensor([[0.2144, 0.1173, 0.1058, 0.1201, 0.1184, 0.1129, 0.1123, 0.0990],
        [0.1167, 0.1018, 0.1253, 0.1220, 0.1301, 0.1297, 0.1189, 0.1556]],
       device='cuda:0', grad_fn=<SoftmaxBackward0>)
tensor([[0.1844, 0.1256, 0.1123, 0.1180, 0.1212, 0.1165, 0.1102, 0.1119],
        [0.1180, 0.1088, 0.1355, 0.1206, 0.1246, 0.1315, 0.1220, 0.1390],
        [0.1326, 0.0971, 0.1229, 0.1271, 0.1395, 0.1198, 0.1379, 0.1230]],
       device='cuda:0', grad_fn=<SoftmaxBackward0>)
tensor([[0.1655, 0.1232, 0.1181, 0.1186, 0.1243, 0.1187, 0.1162, 0.1154],
        [0.1169, 0.1093, 0.1276, 0.1242, 0.1334, 0.1257, 0.1272, 0.1357],
        [0.1230, 0.0968, 0.1184, 0.1154, 0.1454, 0.1341, 0.1440, 0.1229],
        [0.1189, 0.1011, 0.1223, 0.1334, 0.1301, 0.1315, 0.1316, 0.1312]],
       device='cuda:0', grad_fn=<SoftmaxBackward0>)
tensor([[0.1619, 0.1219, 0.1223, 0.1173, 0.1315, 0.1164, 0.1162, 0.1125],
        [0.1174, 0.1101, 0.1221, 0.1210, 0.1297, 0.1319, 0.1357, 0.1320],
        [0.1389, 0.1068, 0.1276, 0.1190, 0.1269, 0.1221, 0.1352, 0.1235],
        [0.1273, 0.1061, 0.1263, 0.1311, 0.1269, 0.1198, 0.1378, 0.1248],
        [0.1254, 0.1087, 0.1281, 0.1189, 0.1302, 0.1318, 0.1294, 0.1275]],
       device='cuda:0', grad_fn=<SoftmaxBackward0>)
#####################
11/20 05:41:32 PM | Train: [ 7/100] Step 000/097 Loss 1.011 Prec@(1,5) (62.5%, 98.4%)
11/20 05:52:30 PM | Train: [ 7/100] Step 050/097 Loss 1.137 Prec@(1,5) (60.4%, 95.2%)
11/20 06:03:07 PM | Train: [ 7/100] Step 097/097 Loss 1.121 Prec@(1,5) (60.4%, 95.6%)
11/20 06:05:32 PM | Train: [ 7/100] Final Prec@1 60.4000%
11/20 06:05:34 PM | Valid: [ 7/100] Step 000/097 Loss 1.080 Prec@(1,5) (62.5%, 95.3%)
11/20 06:07:03 PM | Valid: [ 7/100] Step 050/097 Loss 1.113 Prec@(1,5) (59.9%, 95.9%)
11/20 06:08:25 PM | Valid: [ 7/100] Step 097/097 Loss 1.099 Prec@(1,5) (60.8%, 95.9%)
11/20 06:08:26 PM | Valid: [ 7/100] Final Prec@1 60.7680%
11/20 06:08:26 PM | genotype = Genotype(normal=[[('max_pool_3x3', 0), ('sep_conv_3x3', 1)], [('dil_conv_5x5', 2), ('max_pool_3x3', 0)], [('sep_conv_5x5', 3), ('sep_conv_3x3', 1)], [('dil_conv_3x3', 4), ('sep_conv_3x3', 3)]], normal_concat=range(2, 6), reduce=[[('max_pool_3x3', 0), ('sep_conv_5x5', 1)], [('max_pool_3x3', 0), ('sep_conv_5x5', 2)], [('max_pool_3x3', 0), ('sep_conv_5x5', 2)], [('max_pool_3x3', 0), ('max_pool_3x3', 2)]], reduce_concat=range(2, 6))
/home/huawei/anaconda3/envs/lfh_darts/lib/python3.7/site-packages/torch/optim/lr_scheduler.py:808: UserWarning: To get the last learning rate computed by the scheduler, please use `get_last_lr()`.
  "please use `get_last_lr()`.", UserWarning)
####### ALPHA #######
# Alpha - normal
tensor([[0.2170, 0.0619, 0.1032, 0.1050, 0.1280, 0.1137, 0.1365, 0.1347],
        [0.1153, 0.0603, 0.0900, 0.1692, 0.1241, 0.1508, 0.1102, 0.1800]],
       device='cuda:0', grad_fn=<SoftmaxBackward0>)
tensor([[0.1544, 0.0749, 0.1141, 0.1378, 0.1178, 0.1157, 0.1282, 0.1571],
        [0.1252, 0.0765, 0.1052, 0.1160, 0.1417, 0.1361, 0.1343, 0.1649],
        [0.0895, 0.0634, 0.1066, 0.1181, 0.1382, 0.1440, 0.1601, 0.1800]],
       device='cuda:0', grad_fn=<SoftmaxBackward0>)
tensor([[0.1539, 0.0793, 0.1051, 0.1450, 0.1321, 0.1222, 0.1136, 0.1489],
        [0.1154, 0.0755, 0.0952, 0.1734, 0.1320, 0.1304, 0.1221, 0.1560],
        [0.0941, 0.0667, 0.1056, 0.1314, 0.1515, 0.1221, 0.1384, 0.1903],
        [0.0757, 0.0541, 0.0766, 0.1478, 0.1751, 0.1388, 0.1334, 0.1985]],
       device='cuda:0', grad_fn=<SoftmaxBackward0>)
tensor([[0.1429, 0.0842, 0.1090, 0.1329, 0.1224, 0.1201, 0.1304, 0.1581],
        [0.1221, 0.0850, 0.1067, 0.1370, 0.1276, 0.1213, 0.1276, 0.1727],
        [0.0958, 0.0706, 0.1104, 0.1277, 0.1437, 0.1324, 0.1244, 0.1951],
        [0.0784, 0.0571, 0.0812, 0.1565, 0.1419, 0.1294, 0.1502, 0.2053],
        [0.0677, 0.0525, 0.0663, 0.1273, 0.1566, 0.1644, 0.1602, 0.2050]],
       device='cuda:0', grad_fn=<SoftmaxBackward0>)

# Alpha - reduce
tensor([[0.2248, 0.1108, 0.1050, 0.1216, 0.1203, 0.1117, 0.1097, 0.0962],
        [0.1137, 0.0983, 0.1255, 0.1272, 0.1284, 0.1273, 0.1190, 0.1605]],
       device='cuda:0', grad_fn=<SoftmaxBackward0>)
tensor([[0.1925, 0.1217, 0.1093, 0.1180, 0.1225, 0.1159, 0.1104, 0.1096],
        [0.1168, 0.1068, 0.1372, 0.1217, 0.1236, 0.1291, 0.1222, 0.1426],
        [0.1364, 0.0933, 0.1213, 0.1255, 0.1414, 0.1218, 0.1383, 0.1221]],
       device='cuda:0', grad_fn=<SoftmaxBackward0>)
tensor([[0.1717, 0.1210, 0.1163, 0.1162, 0.1257, 0.1180, 0.1167, 0.1144],
        [0.1160, 0.1081, 0.1248, 0.1241, 0.1350, 0.1252, 0.1288, 0.1378],
        [0.1264, 0.0940, 0.1175, 0.1117, 0.1487, 0.1319, 0.1479, 0.1219],
        [0.1222, 0.0994, 0.1223, 0.1300, 0.1310, 0.1306, 0.1345, 0.1299]],
       device='cuda:0', grad_fn=<SoftmaxBackward0>)
tensor([[0.1669, 0.1196, 0.1235, 0.1179, 0.1311, 0.1161, 0.1129, 0.1119],
        [0.1171, 0.1093, 0.1215, 0.1222, 0.1291, 0.1304, 0.1362, 0.1341],
        [0.1418, 0.1028, 0.1265, 0.1193, 0.1274, 0.1238, 0.1348, 0.1236],
        [0.1296, 0.1031, 0.1256, 0.1280, 0.1301, 0.1197, 0.1396, 0.1244],
        [0.1252, 0.1045, 0.1254, 0.1174, 0.1373, 0.1319, 0.1319, 0.1264]],
       device='cuda:0', grad_fn=<SoftmaxBackward0>)
#####################
11/20 06:08:44 PM | Train: [ 8/100] Step 000/097 Loss 1.347 Prec@(1,5) (54.7%, 90.6%)
11/20 06:19:37 PM | Train: [ 8/100] Step 050/097 Loss 1.071 Prec@(1,5) (62.6%, 95.8%)
11/20 06:29:47 PM | Train: [ 8/100] Step 097/097 Loss 1.066 Prec@(1,5) (62.1%, 96.0%)
11/20 06:32:35 PM | Train: [ 8/100] Final Prec@1 62.0960%
11/20 06:32:38 PM | Valid: [ 8/100] Step 000/097 Loss 1.053 Prec@(1,5) (67.2%, 95.3%)
11/20 06:34:05 PM | Valid: [ 8/100] Step 050/097 Loss 1.042 Prec@(1,5) (63.4%, 96.1%)
11/20 06:35:28 PM | Valid: [ 8/100] Step 097/097 Loss 1.042 Prec@(1,5) (63.4%, 96.3%)
11/20 06:35:28 PM | Valid: [ 8/100] Final Prec@1 63.3600%
11/20 06:35:28 PM | genotype = Genotype(normal=[[('max_pool_3x3', 0), ('sep_conv_3x3', 1)], [('dil_conv_5x5', 2), ('max_pool_3x3', 0)], [('sep_conv_3x3', 1), ('sep_conv_5x5', 3)], [('dil_conv_5x5', 4), ('sep_conv_3x3', 3)]], normal_concat=range(2, 6), reduce=[[('max_pool_3x3', 0), ('sep_conv_5x5', 1)], [('max_pool_3x3', 0), ('sep_conv_5x5', 2)], [('max_pool_3x3', 0), ('sep_conv_5x5', 2)], [('max_pool_3x3', 0), ('max_pool_3x3', 2)]], reduce_concat=range(2, 6))
/home/huawei/anaconda3/envs/lfh_darts/lib/python3.7/site-packages/torch/optim/lr_scheduler.py:808: UserWarning: To get the last learning rate computed by the scheduler, please use `get_last_lr()`.
  "please use `get_last_lr()`.", UserWarning)
####### ALPHA #######
# Alpha - normal
tensor([[0.2245, 0.0598, 0.1031, 0.1058, 0.1326, 0.1118, 0.1289, 0.1335],
        [0.1158, 0.0597, 0.0932, 0.1757, 0.1200, 0.1456, 0.1091, 0.1810]],
       device='cuda:0', grad_fn=<SoftmaxBackward0>)
tensor([[0.1506, 0.0728, 0.1136, 0.1442, 0.1194, 0.1094, 0.1312, 0.1588],
        [0.1251, 0.0742, 0.1054, 0.1193, 0.1445, 0.1408, 0.1270, 0.1636],
        [0.0870, 0.0607, 0.1044, 0.1184, 0.1443, 0.1405, 0.1623, 0.1823]],
       device='cuda:0', grad_fn=<SoftmaxBackward0>)
tensor([[0.1617, 0.0786, 0.1063, 0.1455, 0.1291, 0.1179, 0.1103, 0.1506],
        [0.1125, 0.0732, 0.0933, 0.1914, 0.1295, 0.1290, 0.1199, 0.1512],
        [0.0950, 0.0651, 0.1039, 0.1364, 0.1400, 0.1216, 0.1430, 0.1950],
        [0.0768, 0.0532, 0.0765, 0.1386, 0.1783, 0.1375, 0.1366, 0.2025]],
       device='cuda:0', grad_fn=<SoftmaxBackward0>)
tensor([[0.1480, 0.0837, 0.1111, 0.1306, 0.1222, 0.1135, 0.1327, 0.1584],
        [0.1250, 0.0842, 0.1073, 0.1366, 0.1281, 0.1173, 0.1250, 0.1765],
        [0.0986, 0.0695, 0.1096, 0.1261, 0.1422, 0.1311, 0.1229, 0.1999],
        [0.0796, 0.0561, 0.0809, 0.1511, 0.1379, 0.1319, 0.1497, 0.2127],
        [0.0670, 0.0511, 0.0648, 0.1306, 0.1603, 0.1593, 0.1604, 0.2066]],
       device='cuda:0', grad_fn=<SoftmaxBackward0>)

# Alpha - reduce
tensor([[0.2296, 0.1066, 0.1035, 0.1202, 0.1256, 0.1099, 0.1096, 0.0951],
        [0.1167, 0.0984, 0.1236, 0.1255, 0.1285, 0.1269, 0.1174, 0.1629]],
       device='cuda:0', grad_fn=<SoftmaxBackward0>)
tensor([[0.1974, 0.1187, 0.1113, 0.1191, 0.1219, 0.1149, 0.1082, 0.1086],
        [0.1167, 0.1054, 0.1389, 0.1191, 0.1205, 0.1329, 0.1213, 0.1451],
        [0.1369, 0.0897, 0.1187, 0.1269, 0.1446, 0.1219, 0.1408, 0.1205]],
       device='cuda:0', grad_fn=<SoftmaxBackward0>)
tensor([[0.1745, 0.1188, 0.1146, 0.1167, 0.1260, 0.1173, 0.1174, 0.1148],
        [0.1172, 0.1084, 0.1257, 0.1220, 0.1353, 0.1259, 0.1271, 0.1384],
        [0.1297, 0.0923, 0.1167, 0.1102, 0.1503, 0.1311, 0.1475, 0.1222],
        [0.1242, 0.0974, 0.1200, 0.1317, 0.1310, 0.1300, 0.1382, 0.1277]],
       device='cuda:0', grad_fn=<SoftmaxBackward0>)
tensor([[0.1689, 0.1174, 0.1228, 0.1217, 0.1335, 0.1136, 0.1109, 0.1111],
        [0.1168, 0.1082, 0.1217, 0.1210, 0.1260, 0.1324, 0.1388, 0.1351],
        [0.1465, 0.1011, 0.1255, 0.1191, 0.1284, 0.1233, 0.1322, 0.1241],
        [0.1358, 0.1022, 0.1253, 0.1280, 0.1295, 0.1165, 0.1387, 0.1240],
        [0.1289, 0.1038, 0.1253, 0.1152, 0.1381, 0.1317, 0.1316, 0.1253]],
       device='cuda:0', grad_fn=<SoftmaxBackward0>)
#####################
11/20 06:35:46 PM | Train: [ 9/100] Step 000/097 Loss 1.001 Prec@(1,5) (65.6%, 92.2%)
11/20 06:46:33 PM | Train: [ 9/100] Step 050/097 Loss 0.992 Prec@(1,5) (64.3%, 96.9%)
11/20 06:56:38 PM | Train: [ 9/100] Step 097/097 Loss 0.996 Prec@(1,5) (64.7%, 96.5%)
11/20 06:59:43 PM | Train: [ 9/100] Final Prec@1 64.7040%
11/20 06:59:46 PM | Valid: [ 9/100] Step 000/097 Loss 0.999 Prec@(1,5) (65.6%, 96.9%)
11/20 07:01:13 PM | Valid: [ 9/100] Step 050/097 Loss 1.031 Prec@(1,5) (64.2%, 96.4%)
11/20 07:02:35 PM | Valid: [ 9/100] Step 097/097 Loss 1.029 Prec@(1,5) (64.0%, 96.6%)
11/20 07:02:35 PM | Valid: [ 9/100] Final Prec@1 64.0000%
11/20 07:02:35 PM | genotype = Genotype(normal=[[('max_pool_3x3', 0), ('sep_conv_3x3', 1)], [('dil_conv_5x5', 2), ('sep_conv_5x5', 1)], [('sep_conv_3x3', 1), ('sep_conv_5x5', 3)], [('sep_conv_5x5', 4), ('sep_conv_3x3', 3)]], normal_concat=range(2, 6), reduce=[[('max_pool_3x3', 0), ('sep_conv_3x3', 1)], [('max_pool_3x3', 0), ('sep_conv_5x5', 2)], [('max_pool_3x3', 0), ('sep_conv_5x5', 2)], [('max_pool_3x3', 0), ('max_pool_3x3', 2)]], reduce_concat=range(2, 6))
/home/huawei/anaconda3/envs/lfh_darts/lib/python3.7/site-packages/torch/optim/lr_scheduler.py:808: UserWarning: To get the last learning rate computed by the scheduler, please use `get_last_lr()`.
  "please use `get_last_lr()`.", UserWarning)
####### ALPHA #######
# Alpha - normal
tensor([[0.2222, 0.0566, 0.0994, 0.1045, 0.1372, 0.1066, 0.1414, 0.1321],
        [0.1185, 0.0575, 0.0917, 0.1810, 0.1206, 0.1483, 0.1010, 0.1814]],
       device='cuda:0', grad_fn=<SoftmaxBackward0>)
tensor([[0.1516, 0.0714, 0.1131, 0.1414, 0.1220, 0.1115, 0.1298, 0.1592],
        [0.1253, 0.0714, 0.1023, 0.1144, 0.1537, 0.1418, 0.1315, 0.1595],
        [0.0903, 0.0594, 0.1032, 0.1161, 0.1397, 0.1419, 0.1649, 0.1846]],
